time;Lat;Lon;length;width;min_lon;max_lon;min_lat;max_lat;min_max_zeta_850_lat;min_max_zeta_850_lon;min_max_zeta_850;min_hgt_850_lat;min_hgt_850_lon;min_hgt_850;max_wind_850_lat;max_wind_850_lon;max_wind_850
2023-03-02-0000;-5.298055678303129;-94.37649138311974;4.486080424215643;9.4494034467521;-99.1011931064958;-89.65178965974368;-7.541095890410951;-3.0550154661953073;-4.75;-95.25;-9.025982065700259e-05;-7.25;-89.75;1486.49609375;-5.5;-94.5;7.336031913757324
2023-03-02-0300;-6.538886433937243;-88.1246133451171;5.822359699513925;5.536014140521445;-90.89262041537782;-85.35660627485638;-9.450066283694206;-3.627706584180281;-5.0;-88.0;-6.559456403059298e-05;-9.25;-86.0;1504.216796875;-7.75;-90.75;4.233488082885742
2023-03-02-0600;-6.6312786518046;-89.26092712769142;4.119937020156129;4.823340901646205;-91.67259757851451;-86.84925667686832;-8.691247161882664;-4.571310141726535;-5.25;-88.0;-4.231728245772476e-05;-6.0;-88.25;1498.3104248046875;-8.5;-91.5;3.572103261947632
2023-03-02-0900;-6.039206188956989;-88.45868316394167;4.199734865223149;3.340698188245682;-90.12903225806451;-86.78833406981883;-8.139073621568564;-3.939338756345414;-5.25;-88.0;-4.3065981403256766e-05;-5.75;-87.75;1487.2337646484375;-5.5;-87.0;2.9728589057922363
2023-03-02-1200;-5.636364982853976;-88.56748706118859;4.1115265093399245;5.515462390577952;-91.32521825647757;-85.8097558658996;-7.692128237523939;-3.580601728184014;-5.5;-87.0;-3.7396734023377974e-05;-7.25;-89.25;1488.7108154296875;-3.75;-91.25;3.898742914199829
2023-03-02-1500;-4.820813079982315;-88.55413168360583;6.395050817498898;5.631462660185576;-91.36986301369862;-85.73840035351304;-8.018338488731764;-1.623287671232866;-5.25;-87.25;-4.0755815807334175e-05;-1.75;-88.25;1504.216796875;-1.75;-91.25;4.650163173675537
2023-03-02-1800;-5.584401237295616;-87.45647370746796;5.058771542200617;5.154220061864777;-90.03358373840035;-84.87936367653558;-8.113787008395924;-3.0550154661953073;-5.5;-87.25;-3.9718966203658844e-05;-6.75;-85.0;1496.0941162109375;-5.75;-87.25;2.8252646923065186
2023-03-02-2100;-5.107158638974802;-89.07909854175873;6.585947856827218;6.108705258506404;-92.13345117101193;-86.02474591250552;-8.400132567388411;-1.814184710561193;-5.5;-87.75;-5.6449187395732735e-05;-3.0;-86.25;1471.729248046875;-2.0;-92.0;3.8650946617126465
2023-03-03-0000;-5.2991562733898405;-89.07909854175873;5.440565620857271;5.726911179849765;-91.94255413168361;-86.21564295183384;-8.019439083818476;-2.578873462961205;-5.25;-87.75;-9.733368703715141e-05;-4.0;-86.5;1471.729248046875;-6.25;-89.5;5.060586452484131
2023-03-03-0300;-5.202607158638962;-88.3632346442775;5.440565620857271;5.440565620857271;-91.08351745470614;-85.64295183384885;-7.922889969067597;-2.4823243482103265;-5.25;-88.0;-0.00013917041759539447;-7.75;-90.25;1493.1417236328125;-5.75;-88.0;4.803600311279297
2023-03-03-0600;-4.820813079982315;-88.41095890410958;6.013256738842244;5.7269111798497505;-91.27441449403446;-85.5475033141847;-7.8274414494034374;-1.814184710561193;-5.25;-88.0;-0.00018076626544846294;-5.5;-88.25;1489.4500732421875;-5.75;-88.0;6.443869113922119
2023-03-03-0900;-5.870746796288103;-88.79275298276625;6.967741935483872;6.681396376491378;-92.13345117101193;-85.45205479452056;-9.354617764030039;-2.3868758285461666;-5.5;-88.25;-0.0002780327618953003;-5.5;-88.5;1468.0360107421875;-6.0;-88.25;8.388191223144531
2023-03-03-1200;-5.870746796288106;-88.45868316394167;7.158638974812199;7.922227132125499;-92.41979673000442;-84.49756959787892;-9.450066283694206;-2.2914273088820067;-5.5;-88.5;-0.0003231347927993861;-8.25;-91.5;1479.850341796875;-6.0;-88.75;9.479223251342773
2023-03-03-1500;-5.775298276623939;-88.84047724259833;6.204153778170571;8.11312417145382;-92.89703932832523;-84.78391515687142;-8.877375165709225;-2.6732213875386535;-5.75;-88.75;-0.0002846113262983016;-8.75;-85.25;1497.5711669921875;-6.0;-89.0;10.486775398254395
2023-03-03-1800;-5.775298276623943;-89.1268228015908;6.013256738842244;7.922227132125499;-93.08793636765355;-85.16570923552806;-8.781926646045065;-2.7686699072028205;-5.75;-89.25;-0.0002095496062014308;-4.25;-85.25;1490.9254150390625;-6.25;-89.75;8.223645210266113
2023-03-03-2100;-5.870746796288103;-88.79275298276623;7.7313300927971795;7.063190455148032;-92.32434821034025;-85.26115775519222;-9.736411842686692;-2.005081749889513;-5.75;-89.75;-0.00018922171886509256;-2.25;-85.75;1464.3443603515625;-6.25;-90.75;6.874130725860596
2023-03-04-0000;-5.536676977463536;-89.46089262041538;5.536014140521431;8.972160848431287;-93.94697304463102;-84.97481219619974;-8.304684047724251;-2.7686699072028205;-5.75;-89.25;-0.00016054079588381792;-3.0;-86.75;1466.5606689453125;-6.25;-89.5;6.242777347564697
2023-03-04-0300;-5.536676977463536;-89.50861688024746;6.490499337163058;8.11312417145382;-93.56517896597437;-85.45205479452055;-8.781926646045065;-2.2914273088820067;-5.75;-89.25;-0.00015608609400766016;-8.75;-89.5;1489.4500732421875;-6.25;-89.5;6.178969383239746
2023-03-04-0600;-5.679849756959776;-88.93592576226249;6.395050817498898;9.06760936809546;-93.46973044631022;-84.40212107821475;-8.877375165709225;-2.4823243482103265;-5.75;-89.0;-0.00013775086091751844;-8.75;-84.75;1484.2813720703125;-6.0;-90.0;5.7332305908203125
2023-03-04-0900;-5.632125497127696;-88.69730446310209;6.490499337163058;9.73574900574458;-93.56517896597438;-83.82942996022979;-8.877375165709225;-2.3868758285461666;-5.75;-89.0;-0.00013235976453204905;-8.75;-84.25;1473.2047119140625;-5.0;-89.0;5.549765586853027
2023-03-04-1200;-5.059434379142722;-89.98585947856827;5.9178082191780845;10.976579761378702;-95.47414935925762;-84.49756959787892;-8.018338488731764;-2.10053026955368;-5.75;-89.0;-0.00012182126705401926;-8.0;-91.5;1475.4210205078125;-6.0;-89.75;5.011841297149658
2023-03-04-1500;-5.345779938135209;-89.46089262041538;6.872293415819712;11.072028281042861;-94.99690676093681;-83.92487847989395;-8.781926646045065;-1.909633230225353;-5.75;-88.75;-0.00015397032771564972;-8.75;-88.25;1496.83349609375;-6.75;-87.75;6.021625995635986
2023-03-04-1800;-5.584401237295616;-89.6995139195758;6.585947856827218;10.022094564737074;-94.71056120194433;-84.68846663720726;-8.877375165709225;-2.2914273088820067;-5.75;-89.0;-0.00016894573248163602;-6.5;-88.25;1492.4024658203125;-6.25;-94.5;6.9843878746032715
2023-03-04-2100;-6.204816615112673;-88.98365002209457;6.872293415819705;8.781263809102953;-93.37428192664603;-84.5930181175431;-9.640963323022525;-2.7686699072028205;-6.75;-88.75;-0.00021122874402473754;-6.75;-88.75;1473.2047119140625;-5.5;-88.75;7.701972961425781
2023-03-05-0000;-5.966195315952266;-88.84047724259831;8.49491825011048;8.876712328767127;-93.27883340698187;-84.40212107821475;-10.213654441007506;-1.718736190897026;-6.5;-89.0;-0.0001436976995844998;-10.0;-93.25;1479.1126708984375;-7.75;-88.25;6.402719974517822
2023-03-05-0300;-6.590677081733684;-89.53211003108632;8.821036328395785;10.023904918631573;-94.5440624904021;-84.52015757177054;-11.001195245931576;-2.180158917535792;-7.5;-88.25;-0.00014655533285022154;-11.0;-91.75;1494.6187744140625;-5.75;-88.25;7.017617702484131
2023-03-05-0600;-6.49116217410516;-89.17454706142289;7.826778612461332;7.826778612461339;-93.08793636765355;-85.26115775519222;-10.404551480335826;-2.5777728678744936;-7.5;-88.5;-0.0001823877610470084;-8.25;-88.75;1501.2628173828125;-8.25;-88.25;8.263605117797852
2023-03-05-0900;-6.729783473265567;-88.02916482545294;7.540433053468853;5.154220061864777;-90.60627485638533;-85.45205479452055;-10.499999999999993;-2.9595669465311403;-7.75;-88.75;-0.0001985831449308199;-8.5;-88.75;1483.5421142578125;-8.5;-88.25;10.093472480773926
2023-03-05-1200;-7.302474591250544;-88.69730446310207;7.7313300927971795;8.590366769774647;-92.9924878479894;-84.40212107821475;-11.168139637649134;-3.436809544851954;-7.25;-89.0;-0.0001927307061382398;-7.25;-89.25;1490.9254150390625;-8.5;-88.5;7.978951454162598
2023-03-05-1500;-7.016129032258053;-89.03137428192665;7.731330092797172;7.54043305346886;-92.80159080866108;-85.26115775519222;-10.88179407865664;-3.150463985859467;-7.25;-89.25;-0.00017992459527804176;-10.75;-92.75;1509.385498046875;-8.5;-88.5;8.150197982788086
2023-03-05-1800;-6.44343791427308;-89.84268669907203;7.158638974812199;8.01767565178966;-93.85152452496686;-85.8338488731772;-10.02275740167918;-2.8641184268669804;-7.25;-89.0;-0.0001644832878447008;-10.0;-86.75;1506.4315185546875;-6.25;-88.25;6.6579694747924805
2023-03-05-2100;-6.77750773309765;-89.07909854175873;6.872293415819712;7.63588157313302;-92.89703932832523;-85.26115775519222;-10.213654441007506;-3.341361025187794;-7.5;-89.0;-0.0001547734428170539;-7.75;-88.75;1490.187744140625;-6.75;-88.25;7.119985103607178
2023-03-06-0000;-6.9684047724259734;-89.22227132125496;6.681396376491385;6.585947856827218;-92.51524524966857;-85.92929739284136;-10.309102960671666;-3.627706584180281;-7.5;-89.0;-0.0001544435652682697;-7.75;-88.75;1490.9254150390625;-5.5;-87.5;7.867011070251465
2023-03-06-0300;-7.48022098546727;-88.50640742377375;8.972160848431287;6.681396376491392;-91.84710561201945;-85.16570923552806;-11.966301409682913;-2.9941405612516263;-7.75;-88.75;-0.00013974063362047403;-11.75;-91.75;1512.3394775390625;-5.5;-87.25;7.737251281738281
2023-03-06-0600;-8.113787008395924;-88.74502872293417;7.826778612461339;6.2041537781705784;-91.84710561201945;-85.64295183384888;-12.027176314626594;-4.2003977021652545;-8.5;-89.25;-0.00013103352569126837;-8.0;-88.75;1507.9085693359375;-5.5;-87.5;7.233452796936035
2023-03-06-0900;-7.875165709235517;-88.55413168360583;7.349536014140526;6.585947856827232;-91.84710561201945;-85.26115775519222;-11.54993371630578;-4.2003977021652545;-8.5;-89.25;-0.0001272788434444029;-7.75;-91.0;1493.87939453125;-9.0;-89.5;9.30903148651123
2023-03-06-1200;-7.684268669907194;-86.83605832965091;8.113124171453826;8.685815289438793;-91.1789659743703;-82.49315068493152;-11.740830755634107;-3.627706584180281;-8.0;-85.0;-0.00016405961950049185;-7.75;-88.25;1496.83349609375;-7.25;-91.0;7.899613380432129
2023-03-06-1500;-7.445647370746787;-87.69509500662836;7.063190455148039;9.258506407423766;-92.32434821034025;-83.06584180291648;-10.977242598320807;-3.9140521431727677;-8.25;-85.25;-0.00020076987044213423;-10.75;-88.0;1514.55419921875;-5.25;-92.0;8.44233512878418
2023-03-06-1800;-7.636544410075114;-87.45647370746796;7.6358815731330125;7.444984533804671;-91.1789659743703;-83.73398144056563;-11.45448519664162;-3.818603623508608;-8.25;-85.25;-0.0001910179890816963;-11.25;-83.75;1506.4315185546875;-5.25;-91.0;8.126520156860352
2023-03-06-2100;-7.970614228899684;-87.55192222713212;8.876712328767127;10.117543084401234;-92.61069376933274;-82.4931506849315;-12.408970393283248;-3.532258064516121;-8.25;-85.0;-0.00015879314010395042;-12.25;-82.5;1482.0650634765625;-5.25;-90.5;11.629895210266113
2023-03-07-0000;-6.682059213433487;-87.8859920459567;9.735749005744587;10.785682722050367;-93.27883340698187;-82.49315068493152;-11.54993371630578;-1.814184710561193;-5.25;-89.25;-0.00020668664975790414;-7.75;-88.75;1488.7108154296875;-5.5;-92.5;12.576810836791992
2023-03-07-0300;-6.49116217410516;-89.07909854175873;10.117543084401241;13.553689792311104;-95.85594343791428;-82.30225364560317;-11.54993371630578;-1.4323906319045392;-5.5;-88.75;-0.00022070728427423498;-11.5;-86.5;1511.6002197265625;-5.0;-91.75;11.01738452911377
2023-03-07-0600;-6.82523199292973;-87.93371630578878;10.594785682722048;13.36279275298277;-94.61511268228017;-81.25231992929739;-12.122624834290754;-1.5278391515687062;-5.5;-88.5;-0.0001902561659731062;-12.0;-83.0;1504.9544677734375;-5.0;-87.75;10.608133316040039
2023-03-07-0900;-7.063853292090133;-87.50419796730004;10.117543084401241;9.258506407423766;-92.13345117101193;-82.87494476358816;-12.122624834290754;-2.005081749889513;-9.25;-85.25;-0.0001668190269395988;-12.0;-83.5;1491.664794921875;-5.0;-87.5;10.957825660705566
2023-03-07-1200;-8.400132567388411;-86.45426425099424;7.826778612461339;9.64030048608042;-91.27441449403446;-81.63411400795403;-12.31352187361908;-4.486743261157741;-9.25;-85.5;-0.0003296195177599989;-9.25;-85.5;1489.4500732421875;-5.0;-87.25;10.990711212158203
2023-03-07-1500;-7.636082206132421;-86.04470672105657;7.1346723987578144;8.8429742407139;-90.46619384141351;-81.62321960069963;-11.203418405511329;-4.068746006753514;-9.25;-85.25;-0.0005704815322415352;-9.25;-85.25;1502.7398681640625;-8.75;-85.0;14.063986778259277
2023-03-07-1800;-8.161511268228008;-85.78612461334511;8.6858152894388;8.876712328767127;-90.22448077772867;-81.34776844896155;-12.504418912947408;-3.818603623508608;-9.25;-85.0;-0.0006195017090864314;-9.25;-84.75;1492.4024658203125;-9.0;-84.5;15.247694969177246
2023-03-07-2100;-8.447856827220495;-84.92708793636766;7.922227132125506;8.11312417145382;-88.98365002209457;-80.87052585064075;-12.408970393283248;-4.486743261157741;-9.5;-84.5;-0.000521504972905051;-9.5;-84.5;1482.8043212890625;-9.0;-84.0;13.501176834106445
2023-03-08-0000;-8.54442446711925;-85.55750333913223;6.919728808654952;8.524303604864798;-89.81965514156462;-81.29535153669983;-12.004288871446725;-5.084560062791773;-9.25;-84.25;-0.0002510041574273627;-12.0;-88.25;1496.0941162109375;-5.25;-84.25;11.08603286743164
2023-03-08-0300;-8.543305346884658;-85.49977905435263;7.5404330534688455;8.685815289438807;-89.84268669907203;-81.15687140963323;-12.31352187361908;-4.773088820150235;-9.25;-84.25;-0.00018833042785249785;-12.25;-89.75;1509.385498046875;-5.25;-82.75;10.440750122070312
2023-03-08-0600;-7.983088531196756;-84.17270985928457;7.4500579476575695;6.040587525127762;-87.19300362184845;-81.15241609672069;-11.708117505025541;-4.258059557367972;-9.25;-84.25;-0.0002002983928661079;-11.5;-87.0;1508.6478271484375;-4.75;-84.5;9.579246520996094
2023-03-08-0900;-8.304684047724251;-82.82722050375607;7.254087494476366;6.967741935483872;-86.311091471498;-79.34334953601413;-11.931727794962434;-4.677640300486068;-9.0;-84.0;-0.00015907216917824955;-11.75;-86.25;1495.3564453125;-4.75;-85.5;9.538137435913086
2023-03-08-1200;-8.242187374715037;-84.59626850398836;7.12465317312143;9.73368109567295;-89.46310905182483;-79.72942795615188;-11.804513961275752;-4.679860788154322;-8.75;-84.0;-0.00013074827779904375;-11.75;-89.25;1498.3104248046875;-5.25;-86.75;7.803818702697754
2023-03-08-1500;-7.302474591250544;-84.68846663720726;7.922227132125499;8.017675651789673;-88.69730446310209;-80.67962881131243;-11.263588157313293;-3.341361025187794;-5.75;-82.5;-9.041390925746201e-05;-11.25;-88.5;1518.245849609375;-3.75;-82.5;7.316171169281006
2023-03-08-1800;-7.239023010997993;-84.87936367653556;8.6858152894388;7.063190455148032;-88.41095890410958;-81.34776844896155;-11.581930655717393;-2.8961153662785932;-6.25;-84.25;-7.329314855921722e-05;-10.5;-81.5;1510.862548828125;-3.75;-81.75;7.536911487579346
2023-03-08-2100;-7.254750331418464;-84.21122403888643;7.826778612461339;7.63588157313302;-88.02916482545294;-80.39328325231992;-11.168139637649134;-3.341361025187794;-6.75;-84.5;-6.423405881205292e-05;-5.25;-82.5;1489.4500732421875;-3.5;-82.0;8.295526504516602
2023-03-09-0000;-7.6842686699071905;-83.68625718073353;8.876712328767127;9.067609368095447;-88.22006186478126;-79.15245249668581;-12.122624834290754;-3.245912505523627;-7.0;-84.25;-7.520973167866757e-05;-7.5;-86.5;1501.2628173828125;-3.75;-88.0;8.271833419799805
2023-03-09-0300;-7.922889969067601;-84.8316394167035;7.444984533804693;8.304021210782153;-88.98365002209457;-80.67962881131243;-11.645382235969947;-4.2003977021652545;-9.5;-82.5;-7.60926110677186e-05;-11.5;-88.75;1517.5081787109375;-4.25;-87.0;7.96038818359375
2023-03-09-0600;-7.30247459125054;-85.69067609368096;6.204153778170571;6.2041537781705784;-88.79275298276625;-82.58859920459568;-10.404551480335826;-4.2003977021652545;-7.25;-83.75;-5.89896147372729e-05;-10.25;-84.5;1518.983642578125;-5.0;-84.25;8.201983451843262
2023-03-09-0900;-7.89326370149551;-84.81424173826976;7.619690718705435;9.023317956361694;-89.3259007164506;-80.30258276008891;-11.703109060848227;-4.083418342142792;-7.75;-82.75;-7.36199055831091e-05;-10.75;-89.25;1502.7398681640625;-4.5;-84.0;8.1135835647583
2023-03-09-1200;-8.400132567388415;-85.21343349536014;8.208572691117986;7.349536014140526;-88.8882015024304;-81.53866548828987;-12.504418912947408;-4.2958462218294216;-10.25;-85.0;-8.10283408858505e-05;-9.25;-86.0;1506.4315185546875;-4.5;-85.75;8.495570182800293
2023-03-09-1500;-8.686478126380901;-84.30667255855059;7.826778612461332;8.01767565178966;-88.31551038444542;-80.29783473265576;-12.599867432611568;-4.773088820150235;-10.25;-85.5;-0.000117598902407227;-10.75;-85.0;1516.0311279296875;-5.0;-85.75;7.557034969329834
2023-03-09-1800;-8.400132567388415;-84.02032699955811;7.254087494476359;6.681396376491378;-87.36102518780379;-80.67962881131243;-12.027176314626594;-4.773088820150235;-10.25;-85.5;-0.00015849540583452273;-8.5;-85.75;1507.9085693359375;-5.0;-84.25;7.962931156158447
2023-03-09-2100;-8.972823685373392;-84.06805125939019;7.826778612461339;6.585947856827204;-87.36102518780379;-80.77507733097659;-12.886212991604062;-5.059434379142722;-10.25;-85.75;-0.00016706887258539688;-8.75;-83.5;1487.2337646484375;-5.75;-81.75;8.617196083068848
2023-03-10-0000;-8.877375165709225;-84.49756959787892;7.826778612461339;8.01767565178966;-88.50640742377375;-80.48873177198409;-12.790764471939895;-4.963985859478555;-9.75;-86.0;-0.00012628094100831689;-8.75;-84.75;1495.3564453125;-5.25;-80.5;11.088956832885742
2023-03-10-0300;-9.163720724701715;-84.97481219619974;6.681396376491385;8.208572691117979;-89.07909854175873;-80.87052585064075;-12.504418912947408;-5.823022536456023;-9.75;-86.25;-0.00011053453413506603;-12.5;-88.25;1513.81494140625;-6.0;-81.25;8.109851837158203
2023-03-10-0600;-9.259169244365879;-84.8316394167035;7.063190455148032;8.304021210782153;-88.98365002209457;-80.67962881131243;-12.790764471939895;-5.727574016791863;-9.5;-85.5;-9.914080059898129e-05;-10.25;-85.5;1513.81494140625;-5.75;-81.25;9.431532859802246
2023-03-10-0900;-9.688687582854609;-85.16570923552806;7.731330092797172;9.544851966416275;-89.93813521873619;-80.39328325231992;-13.554352629253195;-5.823022536456023;-9.5;-85.75;-0.00012073275169544883;-9.5;-84.25;1495.3564453125;-6.0;-80.5;10.976168632507324
2023-03-10-1200;-8.844602747336008;-85.34352692471953;10.534346153316285;9.129766666207445;-89.90841025782325;-80.7786435916158;-14.11177582399415;-3.5774296706778657;-9.5;-85.75;-0.0001873043018857284;-10.0;-85.5;1503.4791259765625;-3.75;-85.0;14.660537719726562
2023-03-10-1500;-8.877375165709228;-83.78170570039771;12.59920459566947;10.022094564737074;-88.79275298276625;-78.77065841802917;-15.176977463543963;-2.5777728678744936;-9.5;-85.5;-0.00021257751426563844;-9.5;-84.5;1515.2918701171875;-6.5;-80.0;15.360758781433105
2023-03-10-1800;-9.614366572786764;-84.59301811754308;10.308440123729568;9.544851966416246;-89.3654441007512;-79.82059213433496;-14.768586634651548;-4.46014651092198;-9.25;-84.75;-0.00021889460810335415;-9.5;-84.75;1504.216796875;-6.75;-80.25;15.110465049743652
2023-03-10-2100;-10.213654441007503;-84.87936367653558;8.59036676977464;6.681396376491378;-88.22006186478126;-81.5386654882899;-14.508837825894823;-5.9184710561201825;-9.5;-85.5;-0.00023743801107195547;-9.5;-85.25;1482.8043212890625;-6.0;-81.75;10.816044807434082
2023-03-11-0000;-9.784136102518772;-84.30667255855059;7.7313300927971795;7.635881573133005;-88.1246133451171;-80.48873177198408;-13.649801148917362;-5.9184710561201825;-9.5;-85.25;-0.00024380439929128637;-9.5;-85.5;1489.4500732421875;-6.0;-84.0;11.959214210510254
2023-03-11-0300;-10.07048166151126;-85.0702607158639;6.967741935483872;9.163057887759607;-89.6517896597437;-80.48873177198409;-13.554352629253195;-6.586610693769323;-9.5;-85.5;-0.00019966657878214107;-9.75;-85.5;1507.1707763671875;-6.75;-81.0;10.932117462158203
2023-03-11-0600;-9.971296965082121;-85.40433053468846;9.258506407423774;8.494918250110473;-89.65178965974368;-81.15687140963323;-14.600550168794008;-5.342043761370235;-9.5;-85.25;-0.0001579961523343527;-10.0;-85.0;1503.4791259765625;-6.25;-81.25;11.18008041381836
2023-03-11-0900;-10.309102960671666;-85.35660627485638;8.399469730446313;9.35395492708794;-90.03358373840035;-80.6796288113124;-14.508837825894823;-6.1093680954485095;-10.5;-87.0;-0.0001973207821396887;-10.0;-85.0;1486.49609375;-6.75;-81.0;9.802197456359863
2023-03-11-1200;-9.946623099825981;-85.15408968392497;8.753416420934478;10.564468094231273;-90.4363237310406;-79.87185563680933;-14.32333131029322;-5.569914889358742;-9.75;-84.75;-0.00016390886349923673;-10.25;-84.5;1493.1417236328125;-6.25;-90.25;9.943095207214355
2023-03-11-1500;-9.784136102518772;-84.59301811754308;8.494918250110473;9.926646045072914;-89.55634114007954;-79.62969509500662;-14.031595227574009;-5.536676977463536;-10.0;-84.75;-0.0001636424175298892;-10.25;-84.5;1507.1707763671875;-8.5;-84.75;9.099251747131348
2023-03-11-1800;-10.165930181175423;-85.11798497569598;8.49491825011048;10.785682722050367;-90.51082633672115;-79.7251436146708;-14.413389306230663;-5.9184710561201825;-10.0;-84.5;-0.00015213947755452726;-10.5;-84.5;1501.2628173828125;-6.75;-90.5;9.987805366516113
2023-03-11-2100;-9.879584622182936;-84.49756959787892;8.6858152894388;9.163057887759607;-89.07909854175873;-79.91604065399912;-14.222492266902336;-5.536676977463536;-10.0;-84.5;-0.00012511308367743685;-10.5;-84.5;1483.5421142578125;-8.5;-84.75;9.867472648620605
2023-03-12-0000;-9.784136102518772;-85.26115775519222;8.304021210782153;9.35395492708794;-89.93813521873619;-80.58418029164824;-13.936146707909849;-5.632125497127696;-10.25;-84.5;-0.00011757800533531845;-10.0;-85.0;1493.1417236328125;-6.25;-89.75;9.22128677368164
2023-03-12-0300;-10.35682722050375;-84.68846663720724;8.113124171453826;9.163057887759607;-89.26999558108704;-80.10693769332744;-14.413389306230663;-6.300265134776836;-10.25;-84.5;-0.00012727335385998142;-10.5;-84.5;1509.385498046875;-6.5;-89.25;8.581135749816895
2023-03-12-0600;-10.40455148033583;-84.59301811754308;8.208572691117986;9.353954927087926;-89.26999558108704;-79.91604065399912;-14.508837825894823;-6.300265134776836;-10.25;-84.75;-0.00012376634169156364;-10.5;-85.0;1503.4791259765625;-12.25;-85.25;8.502042770385742
2023-03-12-0900;-10.35682722050375;-84.73619089703932;9.067609368095454;10.976579761378702;-90.22448077772867;-79.24790101634997;-14.890631904551476;-5.823022536456023;-10.5;-84.75;-0.0001249581655724418;-10.5;-85.0;1490.9254150390625;-8.5;-84.5;9.005258560180664
2023-03-12-1200;-9.883758626499944;-84.92708793636766;7.731330092797172;9.25850640742378;-89.55634114007955;-80.29783473265576;-13.74942367289853;-6.0180935801013575;-11.0;-84.25;-0.0001632648811623457;-10.75;-84.5;1496.0941162109375;-12.25;-85.5;9.66677188873291
2023-03-12-1500;-10.356827220503746;-84.83163941670348;8.494918250110473;8.876712328767127;-89.26999558108704;-80.39328325231992;-14.604286345558982;-6.1093680954485095;-11.0;-84.75;-0.00032981677823832407;-11.0;-84.75;1508.6478271484375;-11.5;-84.5;11.207025527954102
2023-03-12-1800;-10.881794078656643;-84.49756959787892;7.826778612461332;7.444984533804671;-88.22006186478126;-80.77507733097659;-14.79518338488731;-6.968404772425977;-11.0;-85.25;-0.00036107322959218245;-11.0;-85.25;1504.9544677734375;-11.5;-85.25;11.011957168579102
2023-03-12-2100;-9.163720724701712;-87.69509500662836;9.35395492708794;15.176314626601851;-95.28325231992929;-80.10693769332744;-13.840698188245682;-4.486743261157741;-11.0;-85.5;-0.00023231728952295653;-11.0;-85.75;1488.7108154296875;-5.5;-92.25;10.763028144836426
2023-03-13-0000;-9.640963323022529;-86.88378258948299;9.544851966416267;12.599204595669462;-93.18338488731771;-80.58418029164827;-14.413389306230663;-4.868537339814395;-11.0;-86.0;-0.00016903972970706886;-10.75;-85.75;1497.5711669921875;-5.5;-91.75;10.547032356262207
2023-03-13-0300;-9.211444984533799;-87.40874944763587;10.403888643393728;14.030932390631918;-94.42421564295182;-80.39328325231992;-14.413389306230663;-4.009500662836935;-10.75;-86.25;-0.00017180395663771825;-10.5;-84.5;1517.5081787109375;-9.25;-93.25;10.567853927612305
2023-03-13-0600;-9.969136981104104;-85.0702607158639;9.640300486080427;14.317277949624383;-92.22889969067609;-77.9116217410517;-14.789287224144317;-5.14898673806389;-10.5;-86.75;-0.00013193557570068197;-10.25;-84.5;1509.385498046875;-11.5;-88.5;9.289046287536621
2023-03-13-0900;-8.587326992969256;-86.12157333131604;10.670702039224132;12.281374045144759;-92.26226035388842;-79.98088630874366;-13.922678012581322;-3.2519759733571902;-10.25;-87.0;-0.00011140103670757184;-10.5;-84.75;1494.6187744140625;-11.5;-88.5;9.456018447875977
2023-03-13-1200;-8.545051022201928;-86.23127876034461;10.927663516922486;11.829947660521583;-92.1462525906054;-80.31630493008382;-14.008882780663171;-3.081219263740685;-10.0;-83.5;-0.0001266771537839154;-10.25;-85.0;1497.5711669921875;-11.25;-86.25;10.524726867675781
2023-03-13-1500;-8.972823685373388;-85.73840035351303;10.499337163057895;12.599204595669477;-92.03800265134777;-79.43879805567829;-14.222492266902336;-3.723155103844441;-10.5;-85.5;-0.00016094407290887658;-10.5;-85.5;1514.55419921875;-11.5;-85.25;11.464422225952148
2023-03-13-1800;-8.447856827220495;-88.22006186478126;11.549270879363682;14.317277949624383;-95.37870083959345;-81.06142288996907;-14.222492266902336;-2.6732213875386535;-10.75;-83.75;-0.0001994506959253253;-10.5;-86.0;1504.9544677734375;-11.5;-86.25;11.82003402709961
2023-03-13-2100;-8.209235528060088;-88.22006186478126;11.644719399027842;16.608042421564292;-96.5240830755634;-79.91604065399912;-14.031595227574009;-2.3868758285461666;-11.25;-84.25;-0.0002457310547523984;-10.5;-86.0;1487.2337646484375;-11.25;-87.0;10.115230560302734
2023-03-14-0000;-8.781926646045061;-88.07688908528502;11.644719399027842;13.649138311975264;-94.90145824127265;-81.25231992929739;-14.604286345558982;-2.9595669465311403;-10.5;-86.5;-0.00017382021753675097;-10.5;-86.75;1495.3564453125;-11.25;-87.25;9.651300430297852
2023-03-14-0300;-9.020547945205468;-88.69730446310209;11.549270879363682;13.55368979231109;-95.47414935925764;-81.92045956694653;-14.79518338488731;-3.245912505523627;-10.25;-86.5;-0.00016133770540750113;-10.5;-86.75;1511.6002197265625;-12.0;-86.0;10.305943489074707
2023-03-14-0600;-8.877375165709225;-88.98365002209457;12.408307556341143;14.317277949624383;-96.14228899690676;-81.82501104728237;-15.081528943879796;-2.6732213875386535;-10.25;-86.75;-0.00016383224918806077;-11.25;-86.25;1510.1231689453125;-11.25;-87.5;9.938933372497559
2023-03-14-0900;-9.020547945205468;-88.79275298276625;11.549270879363682;13.935483870967744;-95.76049491825012;-81.82501104728237;-14.79518338488731;-3.245912505523627;-12.25;-86.0;-0.00017248616954718897;-10.25;-86.75;1496.0941162109375;-11.25;-87.75;9.738592147827148
2023-03-14-1200;-9.497790543526282;-88.64958020327;11.549270879363682;12.312859036676983;-94.80600972160849;-82.49315068493152;-15.272425983208123;-3.723155103844441;-11.0;-87.0;-0.00019538247066490852;-11.0;-87.0;1504.9544677734375;-12.75;-86.5;9.07465648651123
2023-03-14-1500;-9.640963323022529;-87.6473707467963;12.026513477684496;13.55368979231109;-94.42421564295185;-80.87052585064075;-15.654220061864777;-3.627706584180281;-10.75;-87.0;-0.0001773353586622789;-11.25;-87.5;1518.983642578125;-12.75;-86.75;10.1285400390625
2023-03-14-1800;-9.9750331418471;-88.60185594343791;11.358373840035355;10.499337163057902;-93.85152452496686;-83.35218736190896;-15.654220061864777;-4.2958462218294216;-12.75;-87.0;-0.0001870155629937944;-11.25;-87.5;1512.3394775390625;-11.75;-86.5;10.213526725769043
2023-03-14-2100;-9.688687582854609;-87.83826778612462;12.50375607600531;11.835616438356169;-93.7560760053027;-81.92045956694653;-15.940565620857264;-3.436809544851954;-12.5;-87.5;-0.00023183497552660474;-11.25;-87.75;1494.6187744140625;-13.25;-87.25;9.999289512634277
2023-03-15-0000;-10.070481661511261;-88.55413168360583;13.07644719399028;12.694653115333637;-94.90145824127265;-82.20680512593901;-16.6087052585064;-3.532258064516121;-12.5;-87.75;-0.0001859336113362603;-14.25;-91.75;1499.7874755859375;-5.5;-88.75;9.56216049194336
2023-03-15-0300;-10.07048166151126;-88.79275298276625;13.26734423331861;11.453822359699515;-94.51966416261601;-83.06584180291648;-16.704153778170564;-3.436809544851954;-11.0;-87.75;-0.0001886901170296436;-11.5;-88.0;1515.2918701171875;-9.5;-84.75;9.701417922973633
2023-03-15-0600;-11.263588157313293;-88.74502872293417;11.835616438356169;9.831197525408754;-93.66062748563854;-83.82942996022979;-17.181396376491378;-5.345779938135209;-11.25;-87.75;-0.00016764430958927224;-11.5;-88.0;1511.6002197265625;-14.75;-88.25;10.517302513122559
2023-03-15-0900;-11.406760936809537;-88.22006186478126;12.121961997348656;11.262925320371195;-93.85152452496686;-82.58859920459565;-17.467741935483865;-5.345779938135209;-12.5;-89.0;-0.0001528944998750115;-14.25;-93.25;1500.525146484375;-14.75;-89.0;11.380354881286621
2023-03-15-1200;-11.311312417145377;-87.74281926646046;11.167476800707028;8.208572691117993;-91.84710561201945;-83.63853292090147;-16.89505081749889;-5.727574016791863;-11.25;-87.75;-0.0001750547775978315;-11.5;-88.0;1503.4791259765625;-15.0;-89.25;10.693010330200195
2023-03-15-1500;-12.122624834290757;-88.02916482545294;12.026513477684496;9.353954927087955;-92.70614228899692;-83.35218736190896;-18.135881573133005;-6.1093680954485095;-11.25;-88.0;-0.00014189979991201615;-11.75;-88.5;1519.722900390625;-15.75;-91.25;11.096779823303223
2023-03-15-1800;-11.359036676977457;-89.17454706142289;8.208572691117986;10.690234202386208;-94.51966416261598;-83.82942996022979;-15.46332302253645;-7.254750331418464;-11.25;-88.25;-0.00011830767114666261;-11.75;-88.75;1513.0771484375;-15.25;-92.25;10.35775375366211
2023-03-15-2100;-11.59765797613786;-89.26999558108706;7.349536014140526;9.163057887759607;-93.85152452496686;-84.68846663720726;-15.272425983208123;-7.922889969067597;-11.75;-88.5;-0.00011181241505628202;-11.75;-88.75;1494.6187744140625;-14.5;-92.75;8.86956787109375
2023-03-16-0000;-12.104435365825477;-88.16752991668248;6.818850304758293;6.116909832209643;-91.2259848327873;-85.10907500057766;-15.513860518204623;-8.69501021344633;-11.75;-88.5;-0.00012072029741779793;-12.0;-88.75;1499.048095703125;-15.5;-90.5;7.61442756652832
2023-03-16-0300;-12.313521873619084;-88.60185594343791;7.6358815731330125;6.490499337163072;-91.84710561201945;-85.35660627485638;-16.13146266018559;-8.495581087052578;-12.0;-88.5;-0.00012448848815676655;-12.5;-88.75;1514.55419921875;-10.5;-89.75;6.538425922393799
2023-03-16-0600;-11.836279275298267;-88.98365002209457;5.9178082191780845;6.872293415819712;-92.41979673000442;-85.54750331418471;-14.79518338488731;-8.877375165709225;-12.0;-88.5;-0.00013007385038441227;-12.25;-88.75;1510.862548828125;-10.5;-88.25;6.92479944229126
2023-03-16-0900;-12.170349094122837;-89.07909854175873;6.776844896155545;7.063190455148032;-92.61069376933274;-85.54750331418471;-15.55877154220061;-8.781926646045065;-12.25;-88.5;-0.00013295323338753662;-12.25;-89.0;1498.3104248046875;-10.5;-88.5;7.464102745056152
2023-03-16-1200;-12.743040212107815;-89.1268228015908;6.776844896155552;7.158638974812206;-92.70614228899692;-85.5475033141847;-16.13146266018559;-9.354617764030039;-12.5;-88.5;-0.00013818753308367086;-13.0;-89.5;1500.525146484375;-10.5;-89.0;9.379324913024902
2023-03-16-1500;-12.408970393283248;-89.46089262041536;6.872293415819712;8.208572691117993;-93.56517896597435;-85.35660627485638;-15.845117101193104;-8.972823685373392;-12.5;-88.5;-0.0001308033160053723;-13.0;-89.5;1519.722900390625;-11.25;-93.5;8.259360313415527
2023-03-16-1800;-13.007526292922083;-90.10334870931896;7.422277827049392;11.53462094744161;-95.87065918303978;-84.33603823559815;-16.71866520644678;-9.296387379397387;-12.75;-88.75;-0.00012210817108683868;-13.0;-89.5;1516.0311279296875;-11.25;-93.5;8.15988826751709
2023-03-16-2100;-12.962562511806151;-90.107710325461;6.935380135290778;9.347686269304958;-94.78155346011349;-85.43386719080851;-16.43025257945154;-9.494872444160762;-13.0;-89.0;-0.00011885148105880664;-13.25;-89.5;1496.83349609375;-11.0;-93.5;8.40315055847168
2023-03-17-0000;-12.155304313863404;-91.21416655748297;7.52411051756097;8.828289673938201;-95.62831139445207;-86.80002172051387;-15.917359572643889;-8.393249055082919;-13.25;-89.5;-0.00011937587263452825;-13.0;-90.5;1499.7874755859375;-14.25;-89.0;8.017839431762695
2023-03-17-0300;-12.790764471939896;-90.08130799823243;7.063190455148035;7.922227132125499;-94.04242156429518;-86.12019443216968;-16.322359699513914;-9.259169244365879;-13.5;-89.75;-0.00010611699257492394;-13.25;-90.0;1515.2918701171875;-14.5;-89.25;8.24742317199707
2023-03-17-0600;-12.60704295804512;-91.56162764548142;8.428171832180496;10.334544032316558;-96.7288996616397;-86.39435562932314;-16.82112887413537;-8.392957041954872;-13.5;-90.0;-9.865265064774257e-05;-13.25;-90.5;1512.3394775390625;-14.75;-89.5;8.845230102539062
2023-03-17-0900;-12.361246133451164;-90.89262041537782;7.540433053468853;8.399469730446299;-95.09235528060097;-86.69288555015467;-16.13146266018559;-8.591029606716738;-13.5;-90.25;-8.843958241864142e-05;-13.25;-91.0;1502.7398681640625;-14.75;-89.75;9.392132759094238
2023-03-17-1200;-12.504418912947408;-90.98806893504198;9.35395492708794;9.926646045072914;-95.95139195757844;-86.02474591250552;-17.181396376491378;-7.8274414494034374;-13.5;-90.75;-9.209187488515196e-05;-13.5;-91.25;1503.4791259765625;-15.0;-89.5;9.365822792053223
2023-03-17-1500;-12.695315952275733;-91.32213875386654;9.353954927087937;7.922227132125499;-95.28325231992929;-87.36102518780379;-17.3722934158197;-8.018338488731764;-13.5;-91.0;-8.942387428556226e-05;-13.25;-91.75;1518.983642578125;-15.25;-90.5;10.201387405395508
2023-03-17-1800;-12.790764471939896;-91.99027839151569;9.544851966416264;7.34953601414054;-95.66504639858596;-88.31551038444542;-17.56319045514803;-8.018338488731764;-13.75;-91.75;-7.785113410951203e-05;-14.0;-92.0;1514.55419921875;-15.5;-90.75;10.468592643737793
2023-03-17-2100;-12.313521873619083;-91.89482987185153;9.926646045072918;7.922227132125499;-95.85594343791428;-87.93371630578878;-17.27684489615554;-7.350198851082624;-13.25;-92.0;-6.935217690653233e-05;-13.25;-92.25;1493.87939453125;-15.75;-91.5;9.827642440795898
2023-03-18-0000;-12.838488731771974;-92.65841802916482;9.831197525408754;6.585947856827232;-95.95139195757844;-89.3654441007512;-17.75408749447635;-7.922889969067597;-13.75;-92.75;-7.428792193139664e-05;-12.75;-93.5;1495.3564453125;-15.75;-92.0;9.186732292175293
2023-03-18-0300;-12.55214317277949;-93.32655766681397;9.640300486080424;6.967741935483872;-96.8104286345559;-89.84268669907203;-17.3722934158197;-7.7319929297392775;-14.0;-93.25;-6.757205142046577e-05;-13.0;-94.0;1510.862548828125;-15.75;-92.5;9.034740447998047
2023-03-18-0600;-12.59986743261157;-93.37428192664605;8.97216084843129;6.681396376491392;-96.71498011489174;-90.03358373840035;-17.085947856827215;-8.113787008395924;-14.0;-93.75;-6.834533181269848e-05;-12.5;-93.5;1509.385498046875;-15.75;-93.0;8.848271369934082
2023-03-18-0900;-13.077110030932383;-92.84931506849314;9.544851966416264;9.067609368095447;-97.38311975254086;-88.31551038444542;-17.849536014140515;-8.304684047724251;-14.0;-94.25;-6.585382842871602e-05;-10.0;-95.5;1493.1417236328125;-15.25;-92.0;8.917861938476562
2023-03-18-1200;-13.577960473832992;-93.18338488731771;7.158638974812199;6.490499337163058;-96.42863455589924;-89.93813521873619;-17.15727996123909;-9.998640986426892;-14.25;-94.5;-6.595545318400164e-05;-10.75;-96.25;1497.5711669921875;-15.75;-93.0;8.486064910888672
2023-03-18-1500;-14.508837825894823;-94.2333186036235;7.826778612461339;5.154220061864791;-96.8104286345559;-91.6562085726911;-18.422227132125492;-10.595448519664153;-14.25;-94.75;-6.313785010631251e-05;-11.0;-96.75;1517.5081787109375;-15.75;-93.5;9.067452430725098
2023-03-18-1800;-14.74745912505523;-95.04463102076889;7.349536014140526;3.9133893062306697;-97.00132567388422;-93.08793636765355;-18.422227132125492;-11.072691117984967;-14.75;-95.25;-5.5529349206736305e-05;-11.25;-95.5;1514.55419921875;-15.75;-94.5;8.984208106994629
2023-03-18-2100;-15.267308364679812;-95.23552806009721;5.726911179849761;4.486080424215643;-97.47856827220502;-92.9924878479894;-18.130763954604692;-12.403852774754931;-14.75;-95.75;-5.636782491632732e-05;-12.5;-95.75;1497.5711669921875;-14.75;-93.0;8.586749076843262
2023-03-19-0000;-14.986080424215636;-95.8082191780822;7.826778612461339;3.72249226690235;-97.66946531153337;-93.94697304463102;-18.899469730446306;-11.072691117984967;-16.0;-97.0;-5.978531867366387e-05;-13.0;-97.5;1499.048095703125;-15.5;-94.0;7.523642539978027
2023-03-19-0300;-15.415598762704366;-96.09456473707468;6.585947856827225;7.7313300927971795;-99.96022978347327;-92.22889969067609;-18.70857269111798;-12.122624834290754;-15.25;-96.25;-5.7960933597140494e-05;-13.25;-99.75;1511.6002197265625;-15.25;-93.5;7.743494510650635
2023-03-19-0600;-14.85644051061852;-96.66725585505965;5.058771542200617;2.5771100309324027;-97.95581087052585;-95.37870083959345;-17.385826281718828;-12.32705473951821;-15.25;-96.5;-5.0513871145505066e-05;-14.5;-96.75;1518.245849609375;-15.75;-95.5;6.155600547790527
2023-03-19-0900;-15.75221302779353;-97.38311975254086;4.963323022536457;2.2907644719399087;-98.52850198851081;-96.23773751657092;-18.23387453906176;-13.270551516525302;-15.5;-96.75;-5.516843522073732e-05;-14.25;-98.5;1502.7398681640625;-16.5;-96.25;5.351332664489746
2023-03-19-1200;-15.262921486429294;-97.14449845338046;7.063190455148035;2.958904109589028;-98.62395050817497;-95.66504639858596;-18.79451671400331;-11.731326258855276;-15.75;-96.75;-6.056972402186581e-05;-15.5;-98.5;1507.9085693359375;-16.0;-96.0;6.047179698944092
2023-03-19-1500;-15.176977463543961;-96.8104286345559;5.726911179849761;3.436146707909856;-98.52850198851084;-95.09235528060097;-18.040433053468842;-12.31352187361908;-16.25;-97.0;-4.2628586921111375e-05;-14.25;-98.5;1524.1522216796875;-12.5;-96.0;7.239349365234375
2023-03-19-1800;-15.558771542200613;-97.62174105170129;4.77242598320813;1.622624834290761;-98.43305346884668;-96.8104286345559;-17.94498453380468;-13.172558550596548;-16.75;-98.0;-3.802198908363621e-05;-13.75;-98.25;1524.1522216796875;-15.0;-97.0;6.390256881713867
2023-03-19-2100;-16.036014140521424;-98.09898365002209;5.536014140521434;2.1953159522757346;-99.19664162615996;-97.00132567388422;-18.80402121078214;-13.268007070260706;-16.75;-98.75;-3.667611641386871e-05;-14.5;-99.0;1510.1231689453125;-15.5;-97.25;5.687466621398926
2023-03-20-0000;-15.8451171011931;-99.05346884666372;5.154220061864784;6.204153778170564;-102.155545735749;-95.95139195757844;-18.422227132125492;-13.268007070260708;-15.25;-100.5;-6.408459218667186e-05;-13.5;-102.0;1503.4791259765625;-13.5;-96.5;6.028120040893555
2023-03-20-0300;-16.036014140521424;-99.48298718515245;5.536014140521434;5.726911179849765;-102.34644277507734;-96.61953159522757;-18.80402121078214;-13.268007070260706;-16.25;-99.5;-5.1069041383947594e-05;-13.5;-102.25;1518.245849609375;-15.75;-101.25;5.348893165588379
2023-03-20-0600;-16.27463543968183;-99.3875386654883;5.440565620857274;5.9178082191780845;-102.34644277507734;-96.42863455589925;-18.994918250110466;-13.554352629253193;-16.0;-99.75;-4.853886270553476e-05;-14.0;-102.25;1523.41455078125;-13.75;-96.5;5.217883586883545
2023-03-20-0900;-15.845117101193098;-99.53071144498453;4.963323022536461;4.1042863455589895;-101.58285461776403;-97.47856827220504;-18.32677861246133;-13.363455589924868;-15.75;-100.0;-6.685128378231952e-05;-14.5;-101.5;1508.6478271484375;-17.5;-97.5;5.425588607788086
2023-03-20-1200;-16.17918692001767;-99.81705700397703;4.29518338488732;3.531595227574016;-101.58285461776404;-98.05125939019001;-18.326778612461332;-14.03159522757401;-15.75;-100.0;-7.492560166499259e-05;-18.25;-101.5;1507.9085693359375;-14.25;-99.75;4.499275207519531
2023-03-20-1500;-15.51104728236853;-100.43747238179408;4.867874502872297;3.054352629253202;-101.96464869642068;-98.91029606716748;-17.94498453380468;-13.077110030932381;-15.75;-100.25;-5.804736645747668e-05;-13.5;-101.75;1521.9376220703125;-13.25;-101.75;6.360880374908447
2023-03-20-1800;-15.46332302253645;-100.48519664162616;5.536014140521431;3.72249226690235;-102.34644277507734;-98.62395050817499;-18.231330092797165;-12.695315952275735;-16.25;-100.25;-5.204945329288107e-05;-18.0;-99.25;1524.1522216796875;-13.0;-102.25;6.777808666229248
2023-03-20-2100;-16.27463543968183;-100.3420238621299;6.013256738842248;4.3906319045514834;-102.53733981440564;-98.14670790985417;-19.281263809102953;-13.268007070260706;-16.5;-100.0;-5.8579648992576805e-05;-13.75;-102.5;1507.1707763671875;-13.5;-102.5;6.463958263397217
